1.9562814348090427, 6.0810810810810665
3.9197479688277177, 5.855855855855864
6.616370972199189, 8.108108108108112
9.557840048637598, 10.810810810810821
12.74470789808213, 13.513513513513502
16.299121207096665, 16.666666666666657
20.589454485160008, 20.045045045045043
25.37058530923561, 23.423423423423415
30.274415519814294, 26.8018018018018
34.56530149781683, 29.729729729729726
40.69612557342619, 33.1081081081081
46.459127839495935, 36.261261261261254
50.62841983087381, 38.288288288288285
54.67528878571824, 40.09009009009009
60.92964129773945, 42.79279279279278
67.30696954623336, 45.27027027027026
72.21273420659925, 47.07207207207206
78.71331454153541, 49.09909909909909
83.74233128834358, 50.45045045045045
89.13889349472173, 52.25225225225225
94.65843143757255, 53.82882882882882
98.9515282153319, 54.95495495495495